X = { 
    0.5,
    1,
    1.5,
    2,
    2.5,
    3,
    3.5,
    4,
    4.5,
    5,
    5.5,
    6,
    6.5,
    7,
    7.5,
    8,
    8.5,
    9,
    9.5,
    10,
    10.5,
    11,
    11.5,
    12,
    12.5,
    13,
    13.5,
    14,
    14.5,
    15,
    15.5,
    16,
    16.5,
    17,
    17.5,
    18,
    18.5,
    19,
    19.5,
    20,
    20.5,
    21,
    21.5,
    22,
    22.5,
    23,
    23.5,
    24,
    24.5,
    25,
    25.5,
    26,
    26.5,
    27,
    27.5,
    28,
    28.5,
    29,
    29.5,
    30,
    30.5,
    31,
    31.5,
    32,
    32.5,
    33,
    33.5,
    34,
    34.5,
    35,
    35.5,
    36,
    36.5,
    37,
    37.5,
    38,
    38.5,
    39,
    39.5,
    40,
    40.5,
    41,
    41.5,
    42,
    42.5,
    43,
    43.5,
    44,
    44.5,
    45,
    45.5,
    46,
    46.5,
    47,
    47.5,
    48,
    48.5,
    49,
    49.5,
    50,
}
Y = { 
    5.176825169725,
    5.7954098625487,
    6.3604149669124,
    8.0129144667344,
    6.3238850047994,
    9.6444287839809,
    9.3573336456137,
    11.942956120132,
    11.706747231444,
    13.27436912681,
    12.45784760561,
    13.219571132795,
    17.896651654011,
    17.82159337652,
    16.703831987424,
    20.899197999529,
    19.107756967823,
    20.416391470748,
    21.889455053178,
    23.716019487483,
    24.300567179496,
    26.187722449547,
    25.806972298376,
    25.72807936855,
    28.639977024405,
    27.844687430336,
    30.386894280571,
    29.576449274366,
    33.319655032498,
    33.333223589446,
    32.099175600323,
    36.345615553251,
    34.198437862087,
    38.318311273825,
    38.506033159723,
    40.307000843626,
    38.723009262726,
    40.021946329365,
    43.684589452748,
    42.267861527249,
    42.314222950134,
    44.419397680469,
    47.684004175999,
    45.100142634522,
    48.707682424454,
    49.978070979428,
    50.213186234756,
    49.471119904757,
    50.53431174264,
    51.132655824796,
    53.997212349993,
    55.757114039496,
    56.026181167628,
    58.422220752355,
    56.558159686705,
    58.172227425222,
    61.510105507264,
    62.0619791137,
    62.782293329683,
    63.595936735156,
    65.35541848358,
    63.041977808546,
    64.215761088287,
    68.076314835494,
    67.619926598228,
    70.83857093371,
    71.947965297078,
    70.539632609417,
    71.179252402051,
    72.08783329648,
    75.539141628028,
    76.824970367233,
    76.374055583322,
    78.033085667823,
    76.24779794029,
    78.451090403939,
    80.563553196735,
    82.788302116471,
    82.998959791477,
    81.406892540048,
    82.704271559495,
    83.207136934232,
    84.890313258754,
    85.590428939065,
    87.715564735612,
    89.410834530965,
    89.085102467266,
    92.300135216915,
    91.141035533598,
    91.80786380397,
    92.599109277453,
    96.071101632383,
    94.207345566086,
    98.212664090968,
    98.756219115158,
    97.579229288927,
    101.74730487675,
    102.23340106721,
    101.54616289166,
    104.18495880021,
}
